0.8495919351819702,0.44686581759013566,0.7147061488173794
0.9957251371393931,0.21542423498437935,0.6135415990695356
0.45810647011688155,0.6720582779769476,0.612973782452625
0.9628911146637691,0.6532423610883854,0.2162987676211623
0.28932596912779296,0.5088175569158644,0.06208777259460563
0.5483213314683728,0.7778786855696572,0.41715161912702736
0.4325883560247362,0.5202338349816956,0.025173626420126105
0.06129281705002232,0.7419316663020114,0.058072308517084004
0.3531013518999224,0.20472421545344388,0.9791266484583985
0.4672643635252176,0.4564574026720849,0.1054457585340346
